
18.4330510268
L1 =  10 L2 =  2 L3 =  1 L4 =  0.5 L5 =  1.0
18.4330510268
L1 =  10 L2 =  2 L3 =  1 L4 =  0.5 L5 =  1.0
0.83094629963
L1 =  0 L2 =  2 L3 =  1 L4 =  0.5 L5 =  1.0
-2.32175583998
L1 =  0 L2 =  0 L3 =  1 L4 =  0.5 L5 =  1.0
-3.81093021622
L1 =  0 L2 =  0 L3 =  0 L4 =  0.5 L5 =  1.0
-4.30685281944
L1 =  0 L2 =  0 L3 =  0 L4 =  0.5 L5 =  0.5



R1 =  2.0 R2 =  1.0 R3 =  1.0

L1 =  0 L2 =  0 L3 =  0 L4 =  0.5 L5 =  0.5

L1p =  10 L2p =  2 L3p =  1 L4p =  0.5 L5p =  1.0